Avalanche Demonstration
Plaintext P:	0111001101110101011100110110100001101001011100100110010101110110 (H: 7375736869726576)
Plaintext P':	0111001001110101011100110110100001101001011100100110010101110110 (H: 7275736869726576)
Key K:			0110001101100001011100000110100001100101011100110111010101100001 (H: 6361706865737561)
Key K':			0110001101100001011100000110100001100101011100110111010101100011 (H: 6361706865737563)
Total running time: 0.004044532775878906 seconds

P and P' under K
Ciphertext C:	0111001011000010100100001001001100000001110100110011111011110010 (H: 72C2909301D33EF2)
Ciphertext C':	0010011001101000110011100111011100000100101110101011000001110101 (H: 2668CE7704BAB075)
Round			DES0	DES1	DES2	DES3
	0			1		1		1		1
	1			1		1		1		1		
	2			6		7		2		7		
	3			22		22		3		16		
	4			32		30		3		21		
	5			31		29		4		26		
	6			31		27		5		31		
	7			31		29		5		32		
	8			37		31		4		31		
	9			39		30		5		32		
	10			35		35		7		31		
	11			31		35		8		27		
	12			27		29		7		28		
	13			33		28		5		35		
	14			39		27		4		40		
	15			34		25		3		37		
	16			30		36		3		31		

P under K and K'
Ciphertext C:	0111001011000010100100001001001100000001110100110011111011110010 (H: 72C2909301D33EF2)
Ciphertext C':	1011000110011111010001011110111001001010100001101111111010110011 (H: B19F45EE4A86FEB3)
Round			DES0	DES1	DES2	DES3
	0			0		0		0		0
	1			2		0		1		2		
	2			12		0		3		9		
	3			31		0		4		16		
	4			35		0		5		25		
	5			36		0		6		27		
	6			41		0		8		29		
	7			38		0		12		35		
	8			35		0		15		34		
	9			28		0		15		34		
	10			27		0		16		38		
	11			25		0		19		36		
	12			25		0		20		31		
	13			29		0		17		34		
	14			28		0		16		30		
	15			23		0		19		28		
	16			32		0		25		28		
